096842

7th
MATH,85,83,87,85,84,84,
ENG,81,80,79,80,78,81,
SCI,84,83,82,80,80,83,
SOC,90,90,92,92,88,88,
PE,100,98,97,98,99,100,
ART,94,96,96,96,94,95,

8th
MATH,84,88,83,86,88,87,
ENG,81,81,83,80,79,78,
SCI,84,84,84,82,83,81,
SOC,90,87,89,86,87,90,
PE,99,99,98,97,100,97,
ART,95,96,95,95,93,95,

9th
MATH,81,83,81,85,85,80,
ENG,87,84,85,83,87,83,
SCI,82,85,85,81,84,82,
SOC,87,87,87,90,87,89,
PE,99,100,100,95,99,98,
ART,96,98,97,93,97,94,

10th
MATH,79,79,81,83,83,79,
ENG,80,79,77,78,80,81,
SCI,81,79,78,82,78,78,
SOC,91,90,86,91,87,90,
PE,95,94,96,98,97,94,
ART,94,98,94,96,96,94,

11th
MATH,78,78,80,79,79,80,
ENG,79,79,76,77,78,77,
SCI,80,77,80,81,81,77,
SOC,87,86,85,87,88,87,
PE,98,97,96,94,99,96,
ART,93,94,96,96,95,94,

12th
MATH,82,81,81,81,83,80,
ENG,79,79,78,79,80,78,
SCI,82,79,83,79,82,82,
SOC,88,83,83,85,85,84,
PE,97,97,97,97,98,97,
ART,99,95,94,95,94,99,
